71
99.75 52.22 3.29 11.79 2.20 71.76 4.58 34.45 -1
32.42 58.78 -1
66.88 67.01 67.64 -1
29.39 19.62 55.63 83.86 88.05 90.49 6.59 90.16 20.59 90.08 -1
72.81 44.95 -1
72.88 62.45 15.16 88.98 1.87 -1
68.17 78.49 1.39 48.34 33.75 93.87 32.63 57.33 35.16 39.70 -1
13.83 -1
74.56 19.96 24.86 60.35 19.29 -1
27.93 78.77 94.22 18.12 50.69 41.68 90.53 61.75 59.49 0.35 -1
71.14 34.68 -1
43.84 52.57 32.52 30.21 46.00 10.38 51.92 99.74 24.40 -1
60.00 76.34 92.15 43.83 6.31 3.69 71.18 -1
83.91 44.66 53.98 -1
26.86 -1
62.32 98.01 68.15 -1
21.96 44.61 6.58 1.43 6.63 56.17 46.72 -1
85.78 33.68 74.03 83.91 -1
20.12 71.63 49.26 -1
55.24 72.65 87.64 98.06 89.82 69.50 50.73 -1
58.72 57.47 95.50 9.11 49.41 59.11 -1
16.35 84.57 36.83 12.32 98.99 51.98 71.48 30.02 10.56 -1
93.05 42.19 95.28 97.02 16.96 1.76 75.08 84.74 12.36 -1
50.36 24.61 -1
38.07 26.09 90.57 7.11 -1
77.89 93.81 15.72 49.13 44.74 -1
7.65 94.81 95.38 14.54 -1
71.86 93.30 -1
84.33 3.73 -1
43.32 30.37 -1
17.18 5.93 21.72 21.27 29.62 42.78 62.00 98.78 -1
65.16 47.72 50.91 57.26 8.56 86.04 19.96 99.33 -1
89.66 97.60 18.17 79.47 68.44 -1
46.12 97.04 19.34 82.61 73.65 62.72 69.98 -1
61.64 41.61 11.10 11.12 2.59 23.62 63.40 22.86 75.29 -1
22.80 8.69 84.86 97.41 33.25 -1
43.69 32.34 57.79 78.57 88.69 75.53 99.44 32.94 -1
74.02 52.26 91.95 -1
53.31 55.43 94.54 15.14 -1
37.50 24.94 67.37 82.57 71.09 89.34 8.64 -1
57.46 92.03 57.05 85.62 31.52 34.23 40.06 13.99 -1
37.61 -1
51.19 6.39 4.73 48.07 -1
58.60 -1
31.55 -1
78.55 36.17 53.77 78.51 69.50 18.33 77.93 -1
98.65 93.77 -1
59.37 49.26 26.03 36.41 35.76 73.70 -1
77.57 90.47 91.64 75.01 51.06 4.18 -1
37.92 34.21 5.93 28.50 50.95 11.94 -1
28.70 66.36 7.73 44.30 18.52 -1
66.06 49.98 74.60 76.65 85.80 9.41 81.75 94.38 85.69 -1
90.48 64.65 65.16 70.00 94.67 -1
64.75 25.53 -1
97.90 31.09 -1
21.12 86.53 85.02 95.40 56.21 66.38 26.96 -1
15.57 83.32 20.93 84.51 11.19 9.80 54.72 40.32 -1
76.51 37.96 74.21 7.47 16.07 69.55 14.10 6.75 -1
87.58 55.08 92.21 76.06 41.42 19.55 68.72 -1
31.62 11.39 82.39 70.31 83.70 -1
97.39 47.37 94.88 51.76 59.73 89.11 33.10 91.84 -1
71.84 51.33 21.60 82.40 69.62 84.52 80.27 -1
60.35 96.81 93.39 80.93 44.46 24.61 36.03 87.64 -1
55.88 35.76 56.87 96.56 68.03 29.22 41.39 38.35 -1
36.25 16.33 83.02 57.40 66.59 10.66 74.49 47.80 0.35 20.25 -1
50.97 69.42 50.55 -1
49.46 8.59 95.84 52.96 -1
90.71 48.69 55.82 13.37 97.25 13.13 -1
33.85 65.19 5.62 71.77 35.88 97.61 25.63 56.97 26.60 -1
61.56 17.68 75.04 61.70 3.83 19.57 8.50 -1
62.16 38.84 69.63 16.92 55.90 -1
